8000000.0
925000.0
925000.0
4000000.0
925000.0
925000.0
925000.0
4000000.0
925000.0
6000000.0
925000.0
925000.0
5000000.0
4000000.0
5000000.0
925000.0
575000.0
925000.0
925000.0
925000.0
700000.0
925000.0
600000.0
600000.0
925000.0
575000.0
4000000.0
667500.0
4000000.0
4000000.0
925000.0
5000000.0
7000000.0
900000.0
925000.0
925000.0
925000.0
575000.0
800000.0
7000000.0
925000.0
925000.0
832500.0
925000.0
925000.0
925000.0
925000.0
925000.0
925000.0
925000.0
600000.0
675000.0
3500000.0
4250000.0
925000.0
600000.0
4000000.0
7000000.0
925000.0
925000.0
4000000.0
575000.0
575000.0
4000000.0
925000.0
7000000.0
3700000.0
575000.0
575000.0
775000.0
925000.0
600000.0
925000.0
925000.0
5000000.0
5000000.0
575000.0
925000.0
925000.0
575000.0
675000.0
925000.0
925000.0
925000.0
925000.0
575000.0
925000.0
1200000.0
925000.0
6000000.0
2500000.0
575000.0
925000.0
925000.0
575000.0
925000.0
1000000.0
925000.0
4500000.0
575000.0
925000.0
4000000.0
4000000.0
1000000.0
575000.0
925000.0
925000.0
925000.0
925000.0
5000000.0
4000000.0
4000000.0
600000.0
5000000.0
925000.0
925000.0
575000.0
5000000.0
575000.0
3000000.0
925000.0
925000.0
6000000.0
925000.0
575000.0
1250000.0
6000000.0
600000.0
4000000.0
925000.0
3500000.0
925000.0
925000.0
4500000.0
800000.0
925000.0
925000.0
1100000.0
575000.0
925000.0
925000.0
575000.0
925000.0
1000000.0
925000.0
650000.0
925000.0
925000.0
4000000.0
575000.0
925000.0
575000.0
800000.0
925000.0
4000000.0
575000.0
575000.0
925000.0
925000.0
575000.0
925000.0
925000.0
925000.0
6000000.0
1000000.0
1000000.0
575000.0
700000.0
1750000.0
925000.0
575000.0
575000.0
925000.0
925000.0
925000.0
925000.0
4000000.0
925000.0
667500.0
925000.0
925000.0
925000.0
600000.0
925000.0
925000.0
575000.0
800000.0
4000000.0
1000000.0
925000.0
925000.0
4000000.0
600000.0
925000.0
5000000.0
1250000.0
575000.0
667500.0
575000.0
600000.0
600000.0
5000000.0
575000.0
925000.0
2500000.0
925000.0
1000000.0
925000.0
4000000.0
6000000.0
600000.0
925000.0
925000.0
925000.0
575000.0
575000.0
925000.0
575000.0
925000.0
925000.0
925000.0
925000.0
5000000.0
925000.0
5000000.0
4000000.0
575000.0
575000.0
925000.0
925000.0
925000.0
925000.0
9500000.0
925000.0
600000.0
925000.0
575000.0
925000.0
925000.0
575000.0
925000.0
925000.0
5000000.0
925000.0
667500.0
925000.0
575000.0
925000.0
925000.0
6000000.0
575000.0
2500000.0
925000.0
925000.0
4000000.0
1750000.0
4000000.0
575000.0
925000.0
925000.0
925000.0
925000.0
