8000000
925000
925000
4000000
925000
925000
925000
4000000
925000
6000000
925000
925000
5000000
4000000
5000000
925000
575000
925000
925000
925000
700000
925000
600000
600000
925000
575000
4000000
667500
4000000
4000000
925000
5000000
7000000
900000
925000
925000
925000
575000
800000
7000000
925000
925000
832500
925000
925000
925000
925000
925000
925000
925000
600000
675000
3500000
4250000
925000
600000
4000000
7000000
925000
925000
4000000
575000
575000
4000000
925000
7000000
3700000
575000
575000
775000
925000
600000
925000
925000
5000000
5000000
575000
925000
925000
575000
675000
925000
925000
925000
925000
575000
925000
1200000
925000
6000000
2500000
575000
925000
925000
575000
925000
1000000
925000
4500000
575000
925000
4000000
4000000
1000000
575000
925000
925000
925000
925000
5000000
4000000
4000000
600000
5000000
925000
925000
575000
5000000
575000
3000000
925000
925000
6000000
925000
575000
1250000
6000000
600000
4000000
925000
3500000
925000
925000
4500000
800000
925000
925000
1100000
575000
925000
925000
575000
925000
1000000
925000
650000
925000
925000
4000000
575000
925000
575000
800000
925000
4000000
575000
575000
925000
925000
575000
925000
925000
925000
6000000
1000000
1000000
575000
700000
1750000
925000
575000
575000
925000
925000
925000
925000
4000000
925000
667500
925000
925000
925000
600000
925000
925000
575000
800000
4000000
1000000
925000
925000
4000000
600000
925000
5000000
1250000
575000
667500
575000
600000
600000
5000000
575000
925000
2500000
925000
1000000
925000
4000000
6000000
600000
925000
925000
925000
575000
575000
925000
575000
925000
925000
925000
925000
5000000
925000
5000000
4000000
575000
575000
925000
925000
925000
925000
9500000
925000
600000
925000
575000
925000
925000
575000
925000
925000
5000000
925000
667500
925000
575000
925000
925000
6000000
575000
2500000
925000
925000
4000000
1750000
4000000
575000
925000
925000
925000
925000
