-0.110000 0.020000 -0.360000 -0.110000 0.480000 -0.200000 0.270000 0.290000 -0.340000 -0.050000 0.230000 0.080000 -0.450000 0.250000
-0.300000 -0.370000 -0.180000 -0.090000 -0.160000 -0.160000 -0.100000 -0.090000 0.460000 0.320000 0.020000 0.310000 0.400000 -0.070000
0.500000 0.180000 0.410000 0.028000 0.176000 0.150000 -0.250000 -0.410000 -0.070000 -0.130000 -0.150000 -0.010000 -0.280000 -0.090000
0.000000 -0.110000 -0.062000 0.190000 0.000000 -0.070000 0.180000 0.180000 -0.230000 -0.160000 0.030000 -0.120000 -0.110000 0.230000
0.400000 -0.160000 0.310000 -0.340000 0.020000 0.210000 -0.700000 0.110000 0.080000 0.050000 -0.090000 0.070000 0.040000 -0.010000
0.390000 -0.180000 -0.090000 -0.040000 -0.250000 -0.690000 -0.640000 -0.380000 0.410000 0.330000 -0.620000 0.230000 0.920000 0.610000
0.500000 -0.240000 -0.160000 0.130000 0.040000 -0.010000 -0.110000 0.100000 -0.040000 -0.010000 -0.040000 -0.150000 0.050000 -0.110000
-0.520000 -0.480000 -0.730000 -0.420000 -0.400000 -0.010000 -0.340000 0.550000 0.350000 0.370000 -0.290000 0.630000 0.870000 0.280000
-0.870000 -0.170000 0.100000 -0.120000 0.002000 0.520000 -0.280000 0.500000 0.090000 -0.010000 0.080000 -0.150000 -0.160000 -0.160000
-1.390000 -0.570000 -0.160000 -0.020000 0.300000 0.410000 0.030000 0.500000 0.480000 0.510000 -0.110000 0.140000 -0.060000 -0.050000
0.150000 -0.580000 0.190000 0.020000 0.410000 0.110000 0.020000 0.084000 0.130000 0.130000 -0.220000 0.020000 -0.300000 -0.120000
-0.470000 -0.630000 0.000000 -0.290000 0.130000 0.430000 0.330000 0.330000 0.280000 0.310000 -0.080000 0.030000 -0.130000 -0.230000
-0.640000 -0.040000 -0.070000 -0.090000 -0.060000 0.110000 0.280000 -0.030000 0.090000 0.330000 0.330000 -0.090000 -0.040000 -0.070000
-0.360000 -0.530000 0.230000 0.810000 0.220000 -0.060000 0.026000 -0.220000 0.140000 0.200000 -0.160000 -0.100000 0.030000 -0.040000
0.940000 0.170000 0.120000 -0.010000 -0.580000 -0.480000 -0.410000 0.080000 0.000000 -0.350000 -0.200000 0.200000 0.150000 0.370000
0.420000 -0.230000 -0.100000 -0.114000 -0.100000 -0.080000 -0.010000 0.050000 -0.070000 -0.190000 0.020000 0.500000 0.000000 0.190000
0.470000 0.290000 0.030000 0.060000 -0.120000 -0.040000 -0.040000 0.030000 -0.270000 -0.210000 -0.030000 -0.250000 -0.010000 0.090000
-1.210000 -0.440000 -0.020000 0.510000 0.700000 0.470000 0.260000 0.410000 -0.020000 -0.050000 0.040000 -0.340000 -0.380000 0.070000
0.110000 -0.350000 0.050000 0.110000 0.520000 0.320000 0.430000 -0.120000 -0.120000 -0.250000 0.010000 -0.350000 -0.430000 0.070000
0.400000 -0.540000 -0.240000 -0.330000 -0.240000 -0.070000 -0.010000 0.130000 0.240000 0.060000 -0.240000 0.118000 0.460000 0.220000
-0.500000 -0.222000 0.240000 0.750000 0.660000 0.530000 0.440000 -0.050000 -0.120000 -0.030000 -0.060000 -0.550000 -0.600000 -0.480000
0.240000 -0.090000 0.900000 -0.090000 -0.040000 0.010000 0.130000 -0.040000 -0.210000 -0.030000 0.040000 -0.020000 -0.780000 -0.020000
0.240000 -0.070000 -0.150000 0.240000 0.040000 0.000000 0.230000 0.080000 -0.140000 -0.180000 -0.050000 -0.230000 -0.030000 0.030000
0.410000 -0.180000 0.240000 0.100000 0.500000 0.230000 0.070000 -0.240000 0.050000 -0.120000 -0.220000 -0.120000 -0.510000 -0.200000
0.100000 -0.050000 -0.180000 -0.270000 0.390000 0.590000 -0.290000 0.130000 -0.100000 0.030000 -0.070000 -0.240000 0.090000 -0.130000
-0.240000 -0.110000 -0.050000 -0.060000 0.380000 0.050000 0.410000 0.160000 0.060000 0.240000 0.000000 -0.300000 -0.390000 -0.150000
0.010000 -0.310000 -0.160000 0.120000 -0.020000 0.148000 -0.260000 -0.050000 0.000000 0.110000 0.190000 0.010000 -0.060000 0.040000
0.810000 0.084000 0.070000 -0.250000 -0.510000 -0.450000 -0.530000 -0.070000 0.130000 -0.150000 -0.030000 0.350000 0.150000 0.520000
0.130000 0.020000 0.040000 0.070000 0.370000 0.020000 0.020000 -0.020000 0.100000 -0.160000 -0.210000 -0.210000 -0.060000 -0.110000
-0.360000 0.140000 -0.140000 0.450000 0.690000 0.500000 -0.040000 -0.120000 -0.140000 -0.020000 0.200000 -0.020000 -1.340000 0.200000
0.230000 0.030000 -0.290000 0.110000 0.190000 0.170000 0.130000 0.120000 -0.160000 -0.100000 -0.020000 -0.210000 -0.150000 -0.060000
0.580000 0.330000 0.010000 -0.290000 -0.380000 -0.170000 0.170000 -0.050000 0.010000 -0.150000 0.070000 0.130000 -0.170000 -0.100000
0.620000 0.080000 -0.230000 0.070000 0.196000 -0.098000 0.040000 -0.010000 0.250000 -0.080000 -0.330000 0.300000 -0.640000 -0.130000
0.120000 -0.150000 -0.190000 0.090000 0.270000 0.350000 0.070000 -0.030000 -0.130000 -0.080000 0.190000 -0.270000 -0.150000 -0.080000
-0.410000 0.540000 0.360000 0.010000 -0.200000 0.050000 -0.068000 0.150000 -0.110000 0.010000 -0.310000 -0.120000 -0.040000 0.160000
0.720000 -0.210000 0.140000 -0.080000 -0.320000 -0.210000 -0.130000 0.030000 0.140000 -0.010000 -0.260000 0.020000 -0.240000 0.420000
-0.040000 -0.180000 -0.040000 -0.180000 0.110000 0.130000 0.120000 0.150000 0.050000 -0.010000 -0.010000 -0.040000 -0.050000 0.010000
0.380000 -0.250000 -0.050000 0.230000 -0.090000 0.870000 -0.050000 -0.250000 0.050000 0.300000 -0.480000 -0.300000 -0.010000 -0.350000
0.830000 0.100000 0.100000 -0.040000 -0.180000 -0.220000 -0.200000 0.210000 0.100000 -0.240000 -0.180000 -0.060000 -0.260000 0.070000
0.102000 -0.290000 -0.150000 0.010000 0.230000 -0.050000 0.280000 0.150000 0.130000 -0.154000 0.130000 -0.030000 -0.310000 -0.010000
-0.150000 0.160000 0.000000 -0.070000 -0.080000 -0.040000 -0.440000 -0.070000 0.000000 0.370000 -0.050000 0.130000 -0.020000 0.270000
-0.150000 -0.120000 -0.010000 -0.250000 -0.210000 -0.390000 -0.050000 0.080000 0.230000 0.100000 -0.050000 0.300000 0.430000 0.080000
0.040000 0.050000 -0.010000 0.240000 0.350000 -0.140000 0.070000 0.050000 -0.050000 -0.170000 -0.030000 -0.140000 0.000000 -0.030000
0.080000 0.300000 0.300000 -0.900000 -0.020000 0.000000 0.270000 -0.170000 0.000000 0.150000 0.110000 -0.060000 0.070000 -0.110000
1.860000 0.520000 -1.490000 0.530000 -0.960000 -0.650000 0.080000 -0.330000 -0.200000 -0.440000 -0.280000 0.450000 0.570000 0.340000
0.150000 -0.020000 0.040000 0.154000 0.350000 0.070000 0.130000 0.100000 -0.150000 -0.320000 0.060000 -0.200000 -0.510000 -0.180000
0.392000 0.110000 0.370000 0.660000 0.140000 0.160000 0.060000 -0.530000 -0.300000 -0.220000 -0.170000 -0.570000 -0.320000 0.170000
-0.200000 -0.260000 -0.320000 0.230000 -0.170000 -0.280000 0.140000 0.300000 0.000000 0.110000 0.170000 0.080000 0.020000 0.180000
-0.740000 -0.250000 -0.430000 -0.230000 0.010000 -0.088000 -0.170000 0.420000 0.220000 0.510000 -0.120000 0.330000 0.160000 0.470000
-0.270000 -0.140000 0.340000 0.410000 0.160000 0.050000 0.270000 -0.080000 0.280000 0.240000 0.030000 0.070000 -1.170000 -0.190000
-0.210000 -0.060000 -0.062000 0.350000 0.200000 0.150000 0.240000 -0.090000 -0.480000 -0.094000 0.130000 -0.430000 -0.060000 -0.040000
-0.190000 -0.030000 -0.430000 -0.310000 0.030000 0.190000 -0.110000 0.190000 0.140000 0.160000 0.100000 0.220000 -0.170000 0.120000
-0.150000 0.290000 -0.030000 0.040000 -0.010000 0.020000 -0.010000 -0.110000 -0.010000 -0.040000 -0.150000 0.040000 0.010000 0.130000
0.230000 -0.020000 0.010000 -0.320000 0.220000 0.010000 0.290000 0.090000 -0.190000 -0.230000 0.024000 -0.150000 -0.210000 0.010000
-0.770000 -0.450000 -0.040000 0.140000 0.550000 0.370000 0.360000 0.160000 -0.190000 0.140000 0.030000 -0.140000 -0.530000 0.370000
-0.880000 -0.530000 -0.220000 0.150000 0.530000 0.150000 0.150000 0.320000 0.270000 0.120000 -0.410000 0.140000 0.110000 0.110000
0.350000 -0.140000 -0.002000 -0.120000 -0.240000 -0.470000 -0.310000 0.060000 0.190000 0.060000 -0.264000 0.380000 0.290000 0.110000
0.352000 -0.370000 0.100000 -0.070000 -0.230000 -0.080000 -0.070000 0.050000 0.050000 -0.080000 -0.040000 -0.250000 0.120000 0.170000
1.810000 0.870000 0.050000 0.350000 -1.130000 -1.050000 0.740000 -0.520000 -0.660000 -1.130000 -0.570000 0.510000 0.370000 0.340000
0.600000 0.090000 -0.040000 0.030000 -0.210000 -0.490000 -0.180000 -0.310000 -0.010000 0.140000 0.080000 0.180000 -0.140000 0.270000
-0.940000 0.050000 0.080000 0.690000 0.650000 0.320000 0.060000 -0.340000 -0.050000 0.100000 -0.460000 -0.250000 -0.070000 0.150000
0.000000 -0.140000 -0.290000 0.190000 0.350000 0.060000 0.310000 0.150000 -0.060000 -0.430000 0.240000 -0.010000 -0.310000 -0.060000
0.360000 -0.010000 -0.030000 -0.100000 0.260000 0.280000 -0.170000 -0.150000 0.040000 -0.200000 0.060000 -0.150000 -0.150000 -0.030000
0.420000 0.070000 0.480000 0.360000 0.120000 -0.070000 0.020000 -0.040000 -0.380000 -0.530000 -0.100000 -0.242000 -0.130000 0.000000
0.100000 0.300000 -0.050000 -0.450000 -0.510000 -0.290000 0.000000 0.140000 0.120000 -0.170000 0.010000 0.290000 0.140000 0.370000
1.040000 0.540000 0.150000 -0.270000 -0.060000 -0.270000 -0.150000 -0.060000 -0.330000 -0.370000 0.070000 -0.170000 -0.050000 -0.050000
0.640000 -0.090000 0.050000 -0.250000 -0.170000 -0.020000 -0.070000 -0.100000 -0.190000 -0.040000 0.000000 0.000000 0.030000 0.220000
0.970000 0.330000 -0.070000 0.430000 -0.090000 -0.400000 -0.240000 -0.040000 -0.040000 -0.260000 -0.280000 -0.060000 -0.094000 -0.090000
0.240000 -0.140000 0.220000 0.240000 0.170000 -0.180000 -0.140000 -0.350000 -0.010000 -0.090000 -0.060000 0.040000 -0.084000 0.170000
0.910000 0.020000 0.090000 0.110000 -0.180000 -0.120000 -0.420000 -0.190000 -0.080000 -0.140000 0.030000 0.190000 -0.040000 -0.180000
0.000000 -0.320000 0.080000 0.320000 0.190000 -0.050000 0.080000 0.000000 -0.200000 0.050000 0.100000 -0.070000 -0.120000 -0.070000
-0.140000 0.100000 -0.320000 -0.250000 -0.310000 0.020000 0.170000 0.140000 0.050000 0.070000 0.170000 -0.060000 0.180000 0.180000
-0.520000 -0.100000 -0.120000 -0.140000 0.010000 -0.090000 0.280000 0.340000 0.190000 0.070000 0.168000 -0.090000 -0.116000 0.160000
0.380000 -0.070000 0.050000 0.320000 0.410000 -0.150000 0.010000 0.160000 -0.070000 -0.210000 -0.130000 -0.190000 -0.350000 -0.170000
0.550000 0.150000 0.170000 -0.200000 -0.430000 -0.470000 -0.130000 0.090000 0.010000 0.010000 -0.026000 -0.130000 0.050000 0.540000
0.870000 0.510000 0.050000 0.060000 -0.200000 -0.180000 -0.240000 -0.230000 -0.150000 -0.070000 -0.088000 -0.400000 -0.010000 0.030000
0.170000 -0.430000 -0.030000 0.050000 0.030000 0.450000 0.070000 0.190000 -0.120000 0.070000 0.020000 -0.080000 -0.250000 -0.140000
0.330000 -0.080000 -0.140000 -0.780000 -0.300000 0.060000 0.390000 0.080000 0.200000 -0.140000 0.330000 0.370000 -0.220000 -0.100000
-0.350000 -0.300000 0.070000 0.090000 0.010000 -0.510000 -0.152000 0.240000 0.140000 0.210000 -0.190000 0.240000 0.290000 0.140000
0.070000 -0.650000 0.070000 -0.170000 0.140000 0.300000 0.070000 0.010000 0.070000 0.050000 0.330000 -0.100000 -0.410000 0.230000
-0.780000 -0.090000 0.230000 0.170000 0.350000 0.400000 0.260000 0.190000 -0.130000 0.050000 0.050000 -0.480000 -0.670000 0.460000
0.310000 0.000000 0.310000 -0.160000 0.100000 -0.500000 -0.100000 -0.200000 0.310000 -0.100000 0.140000 -0.400000 0.390000 -0.100000
0.100000 -0.070000 0.250000 -0.130000 0.290000 0.180000 0.180000 -0.130000 -0.070000 -0.230000 0.410000 -0.690000 -0.406000 -0.110000
-0.380000 -0.070000 0.160000 -0.280000 0.020000 0.150000 0.260000 -0.060000 0.074000 0.020000 0.320000 -0.110000 -0.030000 0.240000
0.440000 0.240000 -0.060000 -0.320000 -0.160000 -0.080000 -0.090000 -0.080000 0.080000 -0.140000 0.190000 0.090000 -0.170000 0.080000
0.310000 0.000000 -0.080000 0.170000 0.090000 -0.170000 0.110000 0.142000 0.220000 0.060000 -0.110000 0.030000 -0.290000 -0.170000
0.020000 -0.300000 0.020000 -0.020000 0.330000 0.060000 0.230000 0.160000 0.230000 -0.280000 -0.020000 -0.130000 -0.160000 -0.130000
0.480000 -0.040000 -0.050000 0.390000 -0.170000 -0.170000 0.020000 -0.090000 -0.150000 -0.150000 0.080000 -0.150000 -0.070000 -0.038000
-0.520000 -0.050000 -0.010000 0.570000 0.490000 0.300000 0.362000 0.160000 -0.050000 -0.150000 0.050000 -0.120000 -0.420000 -0.440000
0.090000 0.420000 0.080000 0.420000 0.000000 -0.290000 0.080000 -0.080000 -0.310000 0.020000 0.270000 -0.270000 -0.390000 -0.060000
0.650000 0.210000 0.210000 0.120000 0.050000 -0.190000 0.020000 -0.110000 -0.110000 -0.300000 -0.110000 -0.370000 -0.070000 -0.010000
-0.460000 -0.260000 -0.300000 0.120000 0.120000 0.030000 0.130000 0.050000 0.040000 0.220000 -0.030000 0.220000 0.160000 0.110000
0.290000 0.360000 0.380000 -0.210000 -0.020000 0.160000 0.210000 -0.160000 -0.210000 -0.250000 0.280000 -0.290000 -0.410000 -0.120000
1.470000 0.300000 0.200000 -0.240000 -0.220000 0.020000 -0.060000 -0.370000 -0.040000 -0.320000 0.060000 -0.040000 -0.290000 -0.480000
0.590000 0.220000 0.010000 -0.330000 -0.180000 -0.290000 -0.060000 -0.020000 0.280000 -0.120000 -0.210000 0.060000 0.230000 -0.180000
-0.210000 -0.520000 -0.300000 0.080000 -0.030000 -0.360000 -0.200000 0.230000 0.170000 0.430000 0.040000 0.130000 0.100000 0.450000
-0.110000 -0.600000 0.630000 0.060000 0.130000 0.290000 0.200000 0.040000 -0.050000 0.110000 0.040000 -0.320000 -0.430000 0.010000
-0.160000 -0.010000 -0.070000 -0.050000 -0.090000 0.070000 0.230000 0.090000 -0.270000 0.120000 0.070000 0.040000 -0.160000 0.180000
0.360000 0.430000 0.000000 -0.350000 -0.020000 -0.250000 0.160000 0.070000 -0.530000 -0.140000 0.130000 -0.080000 0.130000 0.022000
0.580000 -0.040000 0.020000 0.510000 0.008000 0.120000 -0.250000 -0.080000 -0.020000 -0.290000 0.210000 -0.750000 -0.220000 0.110000
-0.270000 -0.080000 -0.210000 0.060000 -0.060000 0.060000 0.000000 0.150000 0.310000 0.030000 0.100000 0.000000 -0.150000 0.060000
0.350000 0.040000 -0.120000 0.210000 0.460000 0.150000 0.340000 -0.070000 -0.050000 -0.260000 -0.050000 -0.320000 -0.450000 -0.240000
0.640000 0.110000 0.110000 -0.010000 0.270000 0.020000 0.122000 0.010000 -0.090000 -0.170000 0.070000 -0.260000 -0.790000 0.080000
0.460000 0.020000 -0.230000 0.040000 -0.230000 -0.080000 -0.040000 0.090000 -0.120000 0.040000 0.160000 0.020000 -0.210000 0.070000
0.000000 -0.840000 -0.490000 -0.420000 -0.490000 -0.680000 -0.030000 0.390000 0.550000 0.560000 0.480000 0.570000 0.130000 0.290000
1.250000 -0.470000 0.090000 0.390000 0.370000 0.090000 1.090000 -0.390000 -0.160000 -0.390000 -0.200000 -0.336000 -0.860000 -0.330000
-0.730000 -0.830000 -0.310000 0.120000 0.700000 0.820000 0.510000 0.270000 0.120000 0.170000 0.340000 -0.290000 -0.730000 -0.180000
0.080000 -0.060000 0.040000 0.140000 0.198000 -0.220000 -0.060000 0.190000 0.020000 -0.220000 0.100000 0.100000 -0.220000 -0.060000
-0.270000 -0.050000 -0.038000 -0.170000 0.000000 -0.110000 -0.130000 -0.030000 0.220000 0.190000 -0.070000 0.146000 -0.030000 0.280000
-0.140000 -0.090000 -0.330000 -0.270000 0.290000 -0.010000 0.110000 0.180000 -0.060000 0.080000 0.240000 0.010000 -0.140000 0.110000
0.330000 -0.180000 -0.160000 -0.180000 0.050000 -0.430000 -0.220000 -0.280000 0.260000 0.260000 -0.260000 0.340000 0.300000 0.140000
0.710000 0.100000 0.040000 0.110000 -0.140000 -0.190000 -0.100000 -0.270000 -0.180000 -0.210000 -0.270000 0.100000 0.140000 0.150000
-1.000000 0.340000 0.240000 -0.200000 -0.250000 -0.090000 -0.160000 0.410000 0.190000 0.110000 0.080000 0.210000 -0.020000 0.130000
-0.060000 -0.180000 -0.280000 -0.410000 -0.300000 -0.190000 -0.540000 0.000000 0.220000 0.140000 0.370000 0.370000 0.280000 0.600000
1.430000 -0.120000 0.130000 0.130000 0.040000 0.010000 0.160000 -0.060000 -0.310000 -0.370000 -0.210000 -0.600000 -0.210000 -0.030000
0.850000 0.050000 0.370000 0.230000 -0.120000 -0.120000 -0.030000 -0.010000 -0.330000 -0.350000 -0.160000 -0.120000 -0.370000 0.140000
-0.270000 -0.180000 -0.060000 -0.020000 0.350000 0.130000 0.190000 0.040000 0.110000 -0.120000 0.020000 0.060000 -0.140000 -0.100000
0.100000 -0.300000 0.640000 0.280000 0.190000 -0.020000 0.060000 0.210000 -0.170000 -0.040000 -0.270000 -0.250000 -0.360000 -0.060000
-0.070000 0.060000 -0.220000 0.590000 -0.160000 -0.250000 0.080000 0.066000 0.000000 -0.080000 -0.310000 0.060000 0.280000 0.180000
-0.210000 1.230000 0.370000 0.160000 0.310000 0.190000 -0.010000 -0.260000 -0.230000 0.160000 -0.130000 -0.110000 -0.980000 -0.490000
1.270000 1.670000 0.450000 -0.670000 -0.700000 -0.730000 -0.570000 -0.450000 0.040000 -0.070000 -0.120000 0.230000 -0.090000 -0.260000
-1.280000 -0.210000 -0.130000 0.220000 -0.080000 0.230000 0.350000 0.080000 0.010000 0.370000 -0.180000 -0.018000 0.160000 0.300000
1.070000 0.210000 0.320000 0.470000 -0.070000 -0.030000 -0.140000 -0.250000 -0.520000 -0.520000 -0.010000 -0.040000 -0.370000 -0.120000
0.690000 0.030000 -0.090000 -0.320000 -0.740000 -1.080000 -0.620000 -0.050000 0.460000 0.070000 -0.180000 0.700000 0.760000 0.360000
-0.900000 -0.560000 -0.220000 -0.140000 -0.320000 0.010000 0.140000 0.410000 0.270000 0.450000 0.030000 0.210000 0.340000 0.280000
0.080000 -0.240000 -0.040000 0.160000 -0.030000 0.060000 0.110000 0.450000 0.130000 0.220000 -0.060000 -0.192000 -0.490000 -0.030000
0.280000 0.106000 0.160000 0.160000 -0.150000 0.000000 -0.220000 -0.040000 -0.220000 0.000000 -0.130000 0.050000 -0.050000 0.060000
-0.490000 -0.460000 0.010000 -0.700000 0.130000 0.050000 0.560000 0.490000 0.330000 0.100000 0.300000 0.220000 -0.280000 -0.260000
0.080000 0.010000 0.350000 0.220000 0.040000 -0.010000 -0.200000 0.010000 -0.180000 0.200000 -0.150000 -0.030000 -0.440000 0.100000
0.560000 0.050000 -0.020000 -0.264000 -0.090000 -0.670000 -0.410000 0.010000 0.270000 -0.040000 -0.370000 0.460000 0.360000 0.010000
1.870000 0.910000 0.810000 0.450000 -0.460000 -1.070000 -0.790000 -0.600000 -0.070000 -0.480000 -0.320000 -0.090000 0.370000 0.030000
1.970000 0.090000 0.000000 -0.280000 -0.840000 -0.680000 -0.530000 0.000000 -0.020000 -0.300000 -0.320000 0.290000 0.330000 0.290000
0.190000 -0.320000 -0.140000 -0.080000 0.260000 0.250000 -0.100000 0.110000 -0.030000 -0.160000 0.290000 -0.080000 -0.270000 0.080000
0.390000 -0.280000 -0.350000 0.010000 0.100000 -0.090000 0.100000 0.190000 -0.090000 0.140000 0.140000 -0.090000 -0.330000 0.160000
-0.390000 -0.350000 0.650000 -0.300000 -0.170000 -0.240000 -0.060000 0.100000 0.310000 0.300000 -0.090000 0.080000 0.136000 0.310000
-0.390000 -0.460000 -0.300000 0.030000 -0.040000 0.040000 0.150000 -0.080000 0.460000 0.290000 -0.260000 0.460000 -0.080000 0.170000
0.250000 0.020000 0.140000 -0.190000 0.020000 -0.270000 -0.250000 -0.050000 0.194000 0.020000 -0.090000 0.100000 0.220000 -0.130000
-0.400000 0.520000 -0.310000 -0.080000 0.030000 0.050000 -0.050000 -0.120000 0.140000 -0.120000 0.150000 0.030000 -0.140000 0.290000
0.570000 -0.240000 -0.030000 -0.120000 0.100000 0.150000 -0.010000 -0.080000 0.120000 -0.240000 -0.120000 -0.160000 -0.140000 0.210000
0.660000 0.380000 0.000000 0.140000 -0.340000 -0.340000 -1.040000 0.170000 0.200000 -0.210000 -0.370000 0.150000 0.380000 0.230000
0.220000 0.030000 0.090000 -0.170000 0.100000 0.070000 0.040000 -0.090000 0.030000 -0.310000 -0.040000 0.100000 -0.240000 0.170000
1.450000 -0.530000 -0.020000 -0.510000 -0.400000 -0.490000 -0.600000 0.030000 0.190000 -0.050000 -0.320000 0.420000 0.330000 0.480000
0.570000 0.060000 -0.160000 -0.200000 -0.080000 -0.200000 -0.460000 -0.060000 0.180000 -0.010000 -0.160000 0.090000 0.040000 -0.052000
0.580000 -0.070000 -0.470000 -0.020000 -0.050000 -0.210000 0.020000 -0.230000 -0.070000 -0.170000 1.590000 -0.170000 -0.148000 -0.130000
0.916000 -0.150000 -0.040000 -0.380000 -0.250000 -0.910000 -0.490000 0.010000 0.310000 -0.060000 -0.250000 0.474000 0.440000 0.460000
0.430000 -0.160000 0.110000 -0.110000 -0.320000 -0.210000 -0.140000 -0.130000 0.230000 0.060000 -0.240000 0.340000 0.320000 -0.180000
0.060000 0.300000 0.010000 0.140000 -0.110000 -0.160000 -0.020000 0.060000 -0.090000 0.090000 -0.250000 -0.140000 -0.030000 0.130000
0.240000 0.110000 -0.370000 0.250000 -0.600000 -0.580000 -0.620000 0.290000 0.320000 0.050000 -0.320000 0.170000 0.730000 0.310000
-0.280000 0.172000 0.010000 -0.020000 -0.150000 0.040000 -0.180000 0.290000 -0.100000 -0.180000 -0.100000 -0.170000 0.280000 0.140000
-0.020000 0.800000 -0.360000 -0.200000 -0.200000 -0.460000 -0.290000 0.102000 0.018000 -0.040000 0.010000 0.330000 -0.080000 0.500000
-0.390000 0.250000 0.050000 -0.470000 -0.470000 -0.470000 -0.350000 0.310000 0.200000 0.138000 0.180000 0.320000 0.220000 0.220000
0.900000 0.190000 0.370000 -0.060000 -0.480000 -0.480000 -0.210000 -0.160000 -0.160000 -0.350000 -0.240000 0.160000 0.300000 0.240000
0.120000 -0.020000 0.120000 -0.110000 -0.050000 -0.070000 -0.050000 -0.040000 0.000000 -0.170000 0.130000 0.100000 -0.050000 0.100000
0.370000 -0.420000 -0.150000 -0.270000 -0.050000 0.098000 0.220000 0.120000 0.190000 -0.080000 0.160000 0.090000 -0.290000 -0.030000
0.440000 0.270000 -0.030000 -0.430000 -0.180000 0.010000 0.220000 -0.100000 -0.200000 -0.260000 0.050000 0.000000 0.200000 0.120000
0.310000 0.310000 1.240000 -0.080000 -0.008000 -0.030000 -0.130000 -0.290000 -0.330000 -0.330000 0.020000 -0.290000 -0.370000 -0.080000
0.390000 -0.100000 -0.100000 -0.430000 0.180000 0.300000 -0.010000 -0.042000 0.080000 -0.120000 0.320000 -0.480000 -0.310000 0.030000
0.190000 -0.010000 0.240000 0.220000 0.340000 0.060000 0.310000 -0.190000 -0.060000 -0.266000 0.160000 -0.480000 -0.210000 -0.190000
-1.040000 -0.720000 -0.280000 -0.170000 0.450000 0.730000 0.600000 0.360000 0.180000 0.220000 0.280000 -0.170000 -0.600000 0.150000
0.670000 0.020000 -0.130000 -0.220000 -0.140000 -0.200000 -0.260000 -0.420000 0.106000 0.050000 -0.200000 0.470000 0.190000 0.250000
0.930000 -0.160000 -0.080000 -0.250000 -0.230000 -0.100000 -0.050000 0.010000 -0.070000 -0.370000 0.280000 0.260000 -0.160000 0.000000
1.150000 0.370000 0.460000 0.160000 -0.580000 -0.530000 -0.270000 -0.230000 0.000000 -0.380000 -0.140000 0.050000 -0.160000 0.120000
0.090000 -0.136000 0.510000 -0.150000 0.320000 0.340000 0.260000 -0.130000 -0.200000 -0.240000 0.320000 -0.340000 -0.590000 -0.170000
0.462000 0.100000 0.300000 0.070000 -0.220000 -0.200000 -0.130000 0.100000 0.020000 -0.200000 -0.090000 -0.200000 -0.010000 0.040000
0.670000 0.050000 -0.040000 -0.100000 0.140000 -0.100000 -0.140000 -0.160000 -0.160000 -0.020000 -0.120000 0.090000 -0.200000 0.070000
-0.770000 -0.290000 -0.310000 0.022000 0.030000 -0.170000 0.060000 0.276000 0.370000 0.420000 -0.120000 0.040000 -0.080000 0.400000
0.620000 0.010000 -0.080000 -0.290000 -0.100000 -0.410000 -0.460000 -0.020000 0.280000 0.160000 -0.360000 0.360000 0.340000 -0.040000
0.380000 0.080000 0.040000 -0.010000 0.100000 -0.380000 0.210000 -0.030000 0.050000 0.100000 -0.064000 0.080000 -0.380000 -0.010000
-0.910000 -0.110000 -0.060000 0.230000 0.326000 0.220000 0.310000 0.370000 0.170000 0.140000 -0.060000 -0.090000 -0.220000 -0.370000
0.840000 -0.350000 -0.100000 -0.370000 -0.480000 -0.460000 -0.130000 0.430000 0.380000 -0.120000 -0.130000 0.260000 0.220000 0.000000
-0.020000 -0.040000 0.000000 0.100000 0.080000 -0.310000 -0.150000 -0.040000 0.160000 -0.060000 -0.240000 0.210000 0.120000 0.190000
-0.830000 0.040000 0.100000 -0.180000 -1.100000 -0.510000 0.110000 0.510000 0.460000 0.290000 -0.020000 0.610000 0.160000 0.360000
0.090000 -0.190000 -0.150000 -0.030000 -0.070000 -0.090000 0.040000 -0.010000 0.090000 0.180000 0.230000 -0.400000 -0.130000 0.210000
0.240000 -0.180000 -0.280000 -0.110000 -0.890000 -0.600000 -0.470000 0.180000 0.170000 0.110000 -0.040000 0.470000 0.790000 0.600000
0.270000 -0.290000 -0.250000 0.380000 0.080000 0.350000 -0.110000 0.240000 0.240000 0.210000 0.060000 -0.790000 -0.310000 -0.060000
-0.330000 0.440000 -0.080000 0.128000 -0.160000 -0.020000 -0.230000 0.150000 -0.130000 0.210000 0.150000 0.070000 -0.370000 0.390000
-0.060000 -0.060000 0.220000 0.010000 0.360000 0.210000 0.120000 0.140000 0.070000 -0.100000 -0.200000 -0.100000 -0.130000 -0.490000
-0.360000 -0.830000 -0.510000 -0.060000 0.080000 0.310000 0.060000 -0.120000 0.510000 0.490000 0.170000 0.280000 -0.050000 0.062000
0.510000 -0.050000 -0.300000 -0.090000 0.006000 -0.070000 -0.050000 0.150000 0.240000 -0.070000 0.102000 -0.010000 -0.260000 0.010000
0.030000 0.050000 0.030000 -0.050000 0.190000 -0.300000 -0.050000 -0.050000 0.280000 -0.010000 -0.070000 0.150000 -0.130000 -0.090000
-0.750000 -0.320000 -0.160000 0.220000 0.160000 0.090000 -0.020000 0.300000 0.090000 0.250000 -0.180000 0.020000 0.100000 0.190000
-0.400000 0.350000 0.020000 0.340000 -0.300000 -0.150000 0.000000 0.120000 -0.010000 0.200000 -0.260000 0.040000 -0.070000 0.120000
0.130000 -0.060000 0.070000 0.610000 0.280000 0.090000 0.010000 -0.270000 0.400000 0.010000 -0.270000 -0.410000 -0.380000 -0.142000
0.610000 0.010000 0.170000 0.530000 0.010000 -0.100000 -0.020000 -0.180000 -0.010000 -0.220000 -0.080000 -0.490000 -0.100000 -0.070000
0.080000 -0.500000 -0.260000 -0.380000 -0.500000 -0.140000 -0.070000 0.280000 0.480000 0.100000 0.100000 0.430000 0.100000 0.280000
0.100000 0.250000 0.160000 -0.040000 0.100000 -0.060000 0.280000 -0.060000 -0.090000 -0.590000 0.130000 0.050000 -0.250000 0.020000
-0.210000 -0.140000 -0.630000 -0.600000 -0.158000 -0.040000 -0.060000 0.420000 0.620000 0.460000 0.000000 0.430000 0.230000 0.020000
-0.620000 0.240000 0.440000 0.020000 -0.360000 -0.220000 -0.380000 0.184000 0.020000 0.120000 0.340000 0.220000 -0.010000 0.080000
0.330000 -0.330000 -0.150000 -0.080000 -0.150000 -0.080000 0.060000 0.190000 -0.010000 -0.010000 -0.100000 0.120000 0.180000 0.130000
0.350000 0.010000 0.110000 0.320000 0.030000 0.030000 0.090000 -0.030000 -0.310000 -0.350000 0.180000 -0.320000 -0.010000 -0.270000
-0.790000 -0.540000 0.050000 0.540000 0.680000 0.510000 0.540000 0.290000 -0.250000 -0.170000 0.000000 -0.070000 -0.500000 -0.290000
-0.540000 -0.080000 -0.110000 0.740000 0.260000 0.198000 0.390000 0.020000 0.070000 0.090000 -0.280000 -0.110000 -0.260000 -0.280000
0.240000 -0.210000 -0.090000 -0.290000 0.250000 0.080000 0.130000 -0.130000 0.180000 0.020000 0.100000 -0.090000 -0.230000 0.050000
1.940000 0.670000 0.710000 0.010000 -0.990000 -0.950000 -0.950000 -0.320000 0.350000 -0.490000 -0.780000 0.410000 0.330000 0.060000
0.360000 -0.280000 -0.020000 0.370000 0.260000 -0.020000 0.310000 0.120000 -0.410000 -0.110000 -0.080000 -0.080000 -0.320000 -0.100000
0.880000 0.230000 0.530000 0.540000 -0.970000 -1.210000 -0.950000 -0.540000 0.390000 -0.650000 -1.180000 0.560000 1.510000 0.870000
-0.270000 -0.110000 -0.200000 -0.410000 -0.110000 -0.150000 -0.090000 0.030000 0.300000 0.360000 0.160000 0.300000 0.200000 -0.010000
-0.050000 -0.190000 -0.330000 -0.440000 -0.150000 -0.230000 -0.010000 0.280000 0.330000 0.280000 0.070000 0.160000 0.130000 0.150000
0.600000 -0.020000 -0.090000 0.490000 0.310000 -0.020000 0.050000 -0.310000 -0.150000 -0.530000 0.160000 -0.560000 0.410000 -0.340000
-0.370000 -0.300000 0.610000 -0.060000 -0.250000 -0.320000 -0.500000 0.170000 0.060000 0.370000 0.000000 0.210000 0.200000 0.170000
1.110000 -0.130000 -0.160000 0.120000 0.150000 -0.220000 -0.020000 -0.150000 -0.200000 -0.400000 -0.060000 -0.010000 -0.102000 0.150000
-0.060000 0.060000 -0.560000 0.020000 -0.010000 0.080000 -0.050000 0.020000 -0.010000 0.260000 0.240000 0.180000 -0.160000 0.200000
0.080000 0.060000 0.050000 -0.030000 -0.270000 -0.230000 -0.140000 0.150000 -0.030000 -0.080000 0.140000 -0.050000 -0.020000 0.380000
-0.430000 0.170000 -0.910000 0.380000 -0.160000 -0.010000 0.000000 0.310000 0.190000 0.330000 -0.220000 0.300000 -0.160000 0.200000
-1.070000 -0.390000 -0.480000 -0.270000 -0.130000 0.480000 0.280000 0.450000 0.160000 0.190000 0.170000 0.480000 0.040000 0.100000
0.134000 -0.090000 0.290000 -0.010000 -0.180000 -0.230000 0.220000 0.030000 -0.060000 0.150000 -0.150000 -0.040000 -0.210000 0.240000
-0.030000 -0.270000 -0.120000 0.320000 0.410000 -0.190000 0.130000 -0.100000 -0.380000 -0.030000 0.250000 0.040000 -0.250000 0.190000
-0.640000 -0.020000 -0.200000 0.140000 0.180000 -0.010000 0.080000 0.270000 0.060000 0.420000 -0.040000 0.032000 -0.034000 0.140000
-0.608000 -0.170000 -0.060000 0.620000 0.950000 0.760000 0.280000 0.080000 -0.010000 0.570000 -0.380000 -0.640000 -0.330000 -0.290000
0.400000 -0.430000 -0.470000 0.030000 0.100000 0.260000 -0.140000 0.030000 0.190000 0.130000 -0.090000 -0.160000 0.070000 0.060000
-0.290000 -0.042000 0.090000 0.290000 0.390000 -0.010000 -0.230000 -0.090000 -0.050000 0.110000 -0.070000 -0.070000 -0.010000 0.020000
0.760000 0.160000 -0.140000 -0.400000 -0.030000 -0.290000 -0.110000 -0.010000 0.030000 -0.090000 -0.340000 0.120000 0.320000 0.020000
0.320000 0.030000 -0.210000 0.210000 0.620000 0.170000 -0.210000 -0.150000 -0.400000 -0.330000 0.210000 -0.010000 -0.218000 0.190000
-0.800000 -0.220000 -0.670000 0.210000 0.350000 0.340000 0.240000 0.560000 0.180000 0.190000 -0.090000 -0.090000 -0.170000 -0.030000
0.320000 -0.348000 -0.350000 -0.670000 -1.070000 -1.000000 -0.730000 0.040000 0.540000 0.420000 0.400000 0.660000 0.420000 0.140000
1.130000 0.100000 -0.130000 -0.510000 -0.130000 -0.360000 -0.430000 -0.220000 0.250000 -0.220000 -0.240000 0.520000 0.170000 0.050000
1.070000 0.000000 -0.070000 -0.350000 -0.260000 -0.390000 -0.530000 -0.010000 0.090000 -0.170000 -0.450000 0.440000 0.500000 0.110000
0.880000 -0.180000 -0.180000 -0.180000 0.030000 -0.140000 0.010000 -0.280000 0.050000 -0.010000 -0.004000 0.110000 -0.180000 0.180000
0.380000 -0.290000 -0.100000 0.130000 0.162000 0.190000 -0.180000 -0.140000 0.020000 0.010000 0.130000 -0.050000 -0.270000 -0.120000
0.324000 -0.170000 -0.330000 0.130000 0.130000 -0.100000 -0.010000 -0.080000 -0.060000 -0.060000 -0.060000 -0.010000 0.040000 -0.120000
0.380000 0.260000 -0.090000 -0.030000 0.140000 0.180000 0.070000 0.030000 -0.140000 -0.060000 -0.010000 -0.330000 -0.270000 -0.150000
0.140000 0.290000 0.030000 0.280000 -0.400000 -0.570000 -0.340000 0.030000 0.230000 -0.420000 -0.156000 0.470000 0.440000 0.310000
1.060000 0.110000 0.470000 -0.430000 -0.550000 0.190000 0.140000 0.120000 -0.170000 -0.380000 -0.030000 0.020000 -0.310000 -0.230000
-0.790000 0.210000 0.200000 0.250000 0.030000 0.370000 0.060000 0.270000 -0.130000 0.120000 -0.030000 -0.130000 -0.510000 0.080000
1.190000 0.170000 0.010000 0.320000 0.180000 -0.520000 -0.250000 -0.060000 -0.180000 -0.220000 0.020000 -0.090000 -0.330000 -0.240000
-0.950000 -0.076000 0.080000 0.130000 0.300000 0.184000 -0.070000 0.330000 0.260000 0.220000 0.110000 -0.070000 -0.320000 -0.280000
0.260000 0.170000 -0.080000 0.290000 0.170000 0.270000 0.070000 0.000000 -0.140000 -0.050000 -0.160000 -0.250000 -0.190000 -0.370000
0.400000 -0.250000 -0.470000 -0.400000 -0.540000 -0.540000 -0.400000 0.050000 0.660000 0.290000 -0.270000 0.780000 0.320000 0.360000
0.100000 1.340000 -0.010000 -0.210000 -0.190000 0.150000 -0.140000 0.040000 -0.100000 -0.050000 0.044000 -0.148000 -0.270000 -0.190000
0.580000 -0.190000 -0.320000 0.150000 0.150000 -0.140000 0.290000 -0.140000 0.540000 -0.140000 -0.160000 -0.230000 -0.500000 0.130000
0.640000 0.170000 0.300000 0.200000 0.100000 0.100000 0.190000 -0.280000 -0.430000 -0.430000 0.090000 -0.130000 -0.540000 0.030000
-1.060000 -0.270000 -0.100000 -0.070000 -0.330000 -0.510000 -0.340000 0.510000 0.290000 0.360000 0.110000 0.510000 0.510000 0.410000
0.190000 -0.270000 -0.430000 -0.120000 -0.070000 0.210000 -0.010000 0.240000 0.040000 0.010000 -0.160000 -0.090000 0.340000 0.110000
0.380000 0.100000 0.220000 0.080000 0.130000 0.300000 -0.120000 0.060000 -0.160000 -0.084000 -0.190000 -0.100000 -0.380000 -0.080000
-0.060000 -0.060000 0.120000 0.340000 0.070000 -0.060000 -0.120000 0.080000 -0.070000 0.040000 -0.100000 -0.160000 -0.160000 0.140000
0.120000 -0.180000 -0.080000 -0.180000 0.100000 0.080000 0.150000 0.150000 0.050000 -0.310000 0.010000 0.010000 0.030000 0.030000
-0.030000 0.360000 -0.040000 0.410000 0.150000 0.040000 -0.410000 0.190000 -0.450000 -0.010000 0.060000 -0.080000 -0.260000 0.070000
-0.450000 -0.310000 -0.260000 -0.740000 -0.060000 0.090000 -0.370000 0.380000 0.350000 0.450000 0.130000 0.270000 0.310000 0.190000
0.120000 -0.270000 0.030000 0.360000 1.090000 0.410000 0.150000 0.010000 -0.220000 -0.010000 -0.090000 -0.550000 -0.550000 -0.490000
1.310000 0.050000 -0.170000 0.230000 -0.250000 -0.760000 -0.060000 -0.220000 0.360000 -0.170000 -0.460000 -0.060000 0.210000 -0.010000
0.340000 0.030000 -0.120000 -0.030000 0.330000 -0.230000 -0.080000 0.200000 -0.080000 0.080000 -0.120000 -0.140000 0.120000 -0.300000
-0.030000 -0.030000 -0.220000 0.060000 -0.030000 -0.310000 0.010000 0.220000 0.460000 0.240000 -0.420000 0.210000 -0.260000 0.100000
